255255255255255255255255255255255255255255255255255255255255255255255255255255255255255255255255255255255255255255255255255255255255255255255255255255255255255255255255255255255255255255255255255255255255255255255255255255255255255255255255255255255255255255255255255255255255255255255255255255255255
25525525525525525525525525525525525525525525525525525525525525525525525525525525525525525525525525525500000255255255255255255255255255255255255255255255255255255255255255255255255255255255255255255255255255255255255255255255255255255255255255255255255255255255255255255255255255255255255255
255255255255255255255255255255255255255255255255255255255255255255255255255255255255255255255255000000000255255255255255255255255255255255255255255255255255255255255255255255255255255255255255255255255255255255255255255255255255255255255255255255255255255255255255255255255255255255
255255255255255255255255255255255255255255255255255255255255255255255255255255255255255255000000000000255255255255255255255255255255255255255255255255255255255255255255255255255255255255255255255255255255255255255255255255255255255255255255255255255255255255255255255255255255
255255255255255255255255255255255255255255255255255255255255255255255255255255255255000000000000000255255255255255255255255255255255255255255255255255255255255255255255255255255255255255255255255255255255255255255255255255255255255255255255255255255255255255255255255255
255255255255255255255255255255255255255255255255255255255255255255255255255255255000255255255255000000000255255255255255255255255255255255255255255255255255255255255255255255255255255255255255255255255255255255255255255255255255255255255255255255255255255255255255255255255255
25525525525525525525525525525525525525525525525525525525525525525525525525525500255255255255255255255000000000255255255255255255255255255255255255255255255255255255255255255255255255255255255255255255255255255255255255255255255255255255255255255255255255255255255255255255255255
25525525525525525525525525525525525525525525525525525525525525525525525525500255255255255255255255255255000000000255255255255255255255255255255255255255255255255255255255255255255255255255255255255255255255255255255255255255255255255255255255255255255255255255255255255255255255
25525525525525525525525525525525525525525525525525525525525525525525525500025525525525525525525525525525500000000255255255255255255255255255255255255255255255255255255255255255255255255255255255255255255255255255255255255255255255255255255255255255255255255255255255255255255255
2552552552552552552552552552552552552552552552552552552552552552552552550025525525525525525525525525525525525500000000255255255255255255255255255255255255255255255255255255255255255255255255255255255255255255255255255255255255255255255255255255255255255255255255255255255255255255
25525525525525525525525525525525525525525525525525525525525525525525500025525525525525525525525525525525525525500000000255255255255255255255255255255255255255255255255255255255255255255255255255255255255255255255255255255255255255255255255255255255255255255255255255255255255255
2552552552552552552552552552552552552552552552552552552552552552552550025525525525525525525525525525525525525525500000000255255255255255255255255255255255255255255255255255255255255255255255255255255255255255255255255255255255255255255255255255255255255255255255255255255255255255
25525525525525525525525525525525525525525525525525525525525525525525500025525525525525525525525525525525525525525500000000255255255255255255255255255255255255255255255255255255255255255255255255255255255255255255255255255255255255255255255255255255255255255255255255255255255255
25525525525525525525525525525525525525525525525525525525525525525500002550025525525525525525525525525525525500000000255255255255255255255255255255255255255255255255255255255255255255255255255255255255255255255255255255255255255255255255255255255255255255255255255255255255
25525525525525525525525525525525525525525525525525525525525525525500000000025525525525525525525525525525500000000255255255255255255255255255255255255255255255255255255255255255255255255255255255255255255255255255255255255255255255255255255255255255255255255255255255
2552552552552552552552552552552552552552552552552552552552552552552550000000025525525525525525525525525525525500000000255255255255255255255255255255255255255255255255255255255255255255255255255255255255255255255255255255255255255255255255255255255255255255255255255255
25525525525525525525525525525525525525525525525525525525525525525525500000000025525525525525525525525525525500000000255255255255255255255255255255255255255255255255255255255255255255255255255255255255255255255255255255255255255255255255255255255255255255255255255255
25525525525525525525525525525525525525525525525525525525525525525525500000000025525525525525525525525525525525500000000255255255255255255255255255255255255255255255255255255255255255255255255255255255255255255255255255255255255255255255255255255255255255255255255255
255255255255255255255255255255255255255255255255255255255255255255255255000000025525525525525525525525525525525525525500000000255255255255255255255255255255255255255255255255255255255255255255255255255255255255255255255255255255255255255255255255255255255255255255255255
25525525525525525525525525525525525525525525525525525525525525525525525525500000025525525525525525525525525525525525525500000000255255255255255255255255255255255255255255255255255255255255255255255255255255255255255255255255255255255255255255255255255255255255255255255255
2552552552552552552552552552552552552552552552552552552552552552552552552552552550025525525525525525525525525525525525525525525525500000000255255255255255255255255255255255255255255255255255255255255255255255255255255255255255255255255255255255255255255255255255255255255255255255
25525525525525525525525525525525525525525525525525525525525525525525525525525525525525525525525525525525525525525525525525525525525525525500000000255255255255255255002552552552550025525525525525525525525500255255255255255255255255255255255255255255255255255255255255255255
25525525525525525525525525525525525525525525525525525525525525525525525525525525525525525525525525525525525525525525525525525525525525525500000000255255255255255255002552552550000025525525525500000255255255255255255255255255255255255255255255255255255255255255
2552552552552552552552552552552552552552552552552552552552552552552552552552552552552552552552552552552552552552552552552552552552552552552550000000025525525525500025525500000002552550000000255255255255255255255255255255255255255255255255255255255255
2552552552552552552552552552552552552552552552552552552552552552552552552552552552552552552552552552552552552552552552552552552552552552552550000000002552552550025525525500000002552550000000255255255255255255255255255255255255255255255255255255255255
255255255255255255255255255255255255255255255255255255255255255255255255255255255255255255255255255255255255255255255255255255255255255255255255000000000000025525525500000002552550000000255255255255255255255255255255255255255255255255255255255255
255255255255255255255255255255255255255255255255255255255255255255255255255255255255255255255255255255255255255255255255255255255255255255255255255000000000002552552552550000002552552550000000255255255255255255255255255255255255255255255255255255255255
2552552552552552552552552552552552552552552552552552552552552552552552552552552552552552552552552552552552552552552552552552552552552552552552552552550000000002552552552552552550000025525525525500000255255255255255255255255255255255255255255255255255255255255255
255255255255255255255255255255255255255255255255255255255255255255255255255255255255255255255255255255255255255255255255255255255255255255255255255255000000002552552552552552552552552550255255255255255255255000255255255255255255255255255255255255255255255255255255255255255255
2552552552552552552552552552552552552552552552552552552552552552552552552552552552552552552552552552552552552552552552552552552552552552552552552552552552550000255255255255255255255255255255255255255255255255255255255255255255255255255255255255255255255255255255255255255255255255255255255255
255255255255255255255255255255255255255255255255255255255255255255255255255255255255255255255255255255255255255255255255255255255255255255255255255255255255255255255255255255255255255255255255255255255255255255255255255255255255255255255255255255255255255255255255255255255255255255255255255255255255
255255255255255255255255255255255255255255255255255255255255255255255255255255255255255255255255255255255255255255255255255255255255255255255255255255255255255255255255255255255255255255255255255255255255255255255255255255255255255255255255255255255255255255255255255255255255255255255255255255255255
255255255255255255255255255255255255255255255255255255255255255255255255255255255255255255255255255255255255255255255255255255255255255255255255255255255255255255255255255255255255255255255255255255255255255255255255255255255255255255255255255255255255255255255255255255255255255255255255255255255255
255255255255255255255255255255255255255255255255255255255255255255255255255255255255255255255255255255255255255255255255255255255255255255255255255255255255255255255255255255255255255255255255255255255255255255255255255255255255255255255255255255255255255255255255255255255255255255255255255255255255
2552552552552552552552552552552552552552552552552552552552552552552552552552552550002552552552552552552552552552550255255255255255255255255255255255255255255255255255255255255255255255255255255255255255255255255255255255255255255255255255255255255255255255255255255255255255255255255255255255
2552552552552552552552552552552552552552552552552552552552552552552552552550000000255255255255255000000002552552552552552550025525525525525525525500000002552552552550000000000255255255255255255255255255255255255255255255255255255255
25525525525525525525525525525525525525525525525525525525525525525525525500000000025525525500000000025525525525525500002552552552552552550000000002552550000000000255255255255255255255255255255255255255255255255255255255
2552552552552552552552552552552552552552552552552552552552552552552550000025500000255255000025500002552552552552550000025525525525525500000000002550000000000255255255255255255255255255255255255255255255255255255255
25525525525525525525525525525525525525525525525525525525525525525525500025525525525525500025525500025525525525525525525525525525525500000255255255255255000255255255255000255255255255255000255255255255255255255255255255255255255255255255255255255255255255
255255255255255255255255255255255255255255255255255255255255255255000025525525525525500002550000255255255255255255255255255000000025525525525500025525525525500025525525525525500255255255255255255255255255255255255255255255255255255255255255255255
255255255255255255255255255255255255255255255255255255255255255255000000000000025500000002552552552552552550025525500025525525525500025525525525500025525525525525500255255255255255255255255255255255255255255255255255255255255255255255
255255255255255255255255255255255255255255255255255255255255255255000000000000025525500000000255255255000255255000255255255255000000000025525525525525500255255255255255255255255255255255255255255255255255255255255255255255
25525525525525525525525525525525525525525525525525525525525525525500000000000002552552552550000002552552550000255000025525525500000000025525525525525525500255255255255255255255255255255255255255255255255255255255255255255255
255255255255255255255255255255255255255255255255255255255255255255000025525525525525525525525525525525525525525525525500002552550000000002552552550000000025525525525525525525500255255255255255255255255255255255255255255255255255255255255255255255
25525525525525525525525525525525525525525525525525525525525525525525500002552552552550025525525500255255255255000025500000000000255255000255255000255255255255255255255000255255255255255255255255255255255255255255255255255255255255255255
255255255255255255255255255255255255255255255255255255255255255255255000000000002550000000000255255000255255255255255000255255000255255255000255255255255255255000255255255255255255255255255255255255255255255255255255255255255255
25525525525525525525525525525525525525525525525525525525525525525525525500000000002552550000000002550002552552552552552550002552550002552552550000255255255255255000255255255255255255255255255255255255255255255255255255255255255255
2552552552552552552552552552552552552552552552552552552552552552552552552552550000002552552552552550000000255255000255255255255255255255002552550025525525525525500025525525525525500255255255255255255255255255255255255255255255255255255255255255255255
255255255255255255255255255255255255255255255255255255255255255255255255255255255255255255255255255255255255255255255255255255255255255255255255255255255255255255255255255255255255255255255255255255255255255255255255255255255255255255255255255255255255255255255255255255255255255255255255255255255255
255255255255255255255255255255255255255255255255255255255255255255255255255255255255255255255255255255255255255255255255255255255255255255255255255255255255255255255255255255255255255255255255255255255255255255255255255255255255255255255255255255255255255255255255255255255255255255255255255255255255
